---
version:
  config: 1713443092
  puppet: 5.5.10
resources:
  changed: 0
  corrective_change: 0
  failed: 2
  failed_to_restart: 0
  out_of_sync: 2
  restarted: 0
  scheduled: 0
  skipped: 0
  total: 9
time:
  catalog_application: 0.13054770500093582
  config_retrieval: 0.033859502
  exec: 0.110628104
  filebucket: 6.42e-05
  schedule: 0.0002261
  total: 0.130914505
  transaction_evaluation: 0.1135667039998225
  last_run: 1713443093
changes:
  total: 0
events:
  failure: 2
  success: 0
  total: 2
